ml.dia <- c(750, 1000, 250, 750, 1000, 250, 500, 750, 250, 500, 750, 750, 1000,
            250, 250, 500, 1000, 250, 250, 1000, 750, 250, 500, 500, 1000,
            250, 250, 750, 750, 500, 750, 750, 500, 250, 250, 1000, 500,
            1000, 500, 750, 750, 750, 500, 750, 1000, 250, 750, 500, 500,
            500, 250, 1000, 250, 1000, 750, 750, 500, 250, 750, 250, 500,
            750, 250, 750, 750, 500, 500, 250, 1000, 500, 750, 750, 1000,
            750, 500, 750, 750, 250, 250, 250, 500, 250, 750, 500, 500,
            750, 250, 500, 750, 750, 500, 750, 750, 750, 750, 750, 250,
            1000, 1000, 500, 1000, 250, 250, 1000, 750, 500, 500, 750, 750,
            750, 250, 250, 1000, 1000, 500, 750, 750, 750, 750, 1000, 750
            )
t <- length(ml.dia)
print(t)

media <- mean(ml.dia)
vari <- var(ml.dia)
d.e <- sd(ml.dia)

medidas <- c(media, vari, de)
print(medidas)
